S_3 Wilf non-singleton classes:
  size 6: 123 132 213 231 312 321

S_4 Wilf non-singleton classes:
  size 12: 1234 1243 1432 2134 2143 2341 3214 3412 3421 4123 4312 4321
  size 10: 1342 1423 2314 2413 2431 3124 3142 3241 4132 4213
  size 2: 1324 4231

S_5 Wilf non-singleton classes:
  size 20: 12345 12354 12543 15432 21345 21354 21543 23451 32145 32154 34512 34521 43215 45123 45312 45321 51234 54123 54312 54321
  size 16: 12453 12534 21453 21534 23145 23154 31245 31254 35412 35421 43512 43521 45132 45213 54132 54213
  size 8: 12435 13245 13254 21435 45231 53412 53421 54231
  size 8: 13452 15234 23415 25431 41235 43251 51432 53214
  size 8: 13524 14253 24135 31425 35241 42531 52413 53142
  size 8: 13542 15243 24531 32415 34251 42135 51423 53124
  size 8: 14352 15324 24315 25341 41325 42351 51342 52314
  size 8: 14532 15423 23541 32451 34215 43125 51243 52134
  size 8: 23514 25134 25413 31452 35214 41253 41532 43152
  size 8: 24513 25143 31542 32514 34152 35124 41523 42153
  size 4: 13425 14235 52431 53241
  size 4: 14523 32541 34125 52143
  size 4: 15342 24351 42315 51324
  size 4: 24153 31524 35142 42513
  size 2: 14325 52341
  size 2: 25314 41352

S_6 Wilf non-singleton classes:
  size 30: 123456 123465 123654 126543 165432 213456 213465 213654 216543 234561 321456 321465 321654 345612 345621 432156 432165 456123 456312 456321 543216 561234 564123 564312 564321 612345 651234 654123 654312 654321
  size 24: 123564 123645 213564 213645 231456 231465 231654 312456 312465 312654 321564 321645 456132 456213 465123 465312 465321 546123 546312 546321 564132 564213 654132 654213
  size 16: 124536 125346 134256 134265 142356 142365 214536 215346 562431 563241 635412 635421 643512 643521 652431 653241
  size 16: 124563 126345 214563 216345 234156 234165 365412 365421 412356 412365 543612 543621 561432 563214 651432 653214
  size 16: 124635 125364 214635 215364 241356 241365 314256 314265 463512 463521 536412 536421 562413 563142 652413 653142
  size 16: 124653 126354 214653 216354 324156 324165 356412 356421 421356 421365 453612 453621 561423 563124 651423 653124
  size 16: 125463 126435 215463 216435 243156 243165 364512 364521 413256 413265 534612 534621 561342 562314 651342 652314
  size 16: 125643 126534 215643 216534 342156 342165 346512 346521 431256 431265 435612 435621 561243 562134 651243 652134
  size 12: 123546 132456 132465 132654 213546 321546 456231 564231 645123 645312 645321 654231
  size 8: 124356 124365 214356 214365 563412 563421 653412 653421
  size 8: 125436 143256 143265 215436 562341 634512 634521 652341
  size 8: 125634 215634 341256 341265 436512 436521 562143 652143
  size 8: 126453 216453 354612 354621 423156 423165 561324 651324
  size 8: 132564 132645 231546 312546 465231 546231 645132 645213
  size 8: 134562 162345 234516 265431 512346 543261 615432 643215
  size 8: 134625 152364 251346 314526 463251 526431 625413 643152
  size 8: 134652 162354 256431 324516 453261 521346 615423 643125
  size 8: 135264 142635 241536 315246 462531 536241 635142 642513
  size 8: 135426 143526 152436 153246 624531 625341 634251 642351
  size 8: 135462 162435 243516 264531 513246 534261 615342 642315
  size 8: 135624 152634 341526 351246 426531 436251 625143 642153
  size 8: 135642 162534 246531 342516 435261 531246 615243 642135
  size 8: 136245 142563 235146 365241 412536 542631 635214 641532
  size 8: 136254 142653 325146 356241 421536 452631 635124 641523
  size 8: 136425 152463 253146 364251 413526 524631 625314 641352
  size 8: 136452 162453 254631 354261 423516 523146 615324 641325
  size 8: 136524 152643 346251 352146 425631 431526 625134 641253
  size 8: 136542 162543 245631 345261 432516 532146 615234 641235
  size 8: 143562 163245 235416 265341 512436 542361 614532 634215
  size 8: 143625 153264 251436 315426 462351 526341 624513 634152
  size 8: 143652 163254 256341 325416 452361 521436 614523 634125
  size 8: 145263 146235 245136 362541 415236 532641 631542 632514
  size 8: 145362 164235 245316 263541 514236 532461 613542 632415
  size 8: 145623 156234 326541 345126 432651 451236 621543 632154
  size 8: 145632 165234 236541 345216 432561 541236 612543 632145
  size 8: 146325 154263 254136 362451 415326 523641 623514 631452
  size 8: 146352 164253 253641 352461 425316 524136 613524 631425
  size 8: 146523 156243 325641 342651 435126 452136 621534 631254
  size 8: 146532 165243 235641 342561 435216 542136 612534 631245
  size 8: 153462 163425 253416 264351 513426 524361 614352 624315
  size 8: 153642 163524 246351 352416 425361 531426 614253 624135
  size 8: 154362 164325 254316 263451 514326 523461 613452 623415
  size 8: 154623 156324 326451 354126 423651 451326 621453 623154
  size 8: 154632 165324 236451 354216 423561 541326 612453 623145
  size 8: 156342 164523 243651 325461 452316 534126 613254 621435
  size 8: 156432 165423 234651 324561 453216 543126 612354 621345
  size 8: 164532 165342 235461 243561 534216 542316 612435 613245
  size 8: 231564 231645 312564 312645 465132 465213 546132 546213
  size 8: 234615 261345 265413 314562 463215 512364 516432 543162
  size 8: 235164 241563 316245 365142 412635 461532 536214 542613
  size 8: 235614 265143 341562 361245 416532 436215 512634 542163
  size 8: 236154 326145 356214 365124 412653 421563 451632 541623
  size 8: 236415 263145 265314 364215 413562 512463 514632 541362
  size 8: 236514 265134 346215 362145 415632 431562 512643 541263
  size 8: 241653 316254 325164 356142 421635 452613 461523 536124
  size 8: 243615 261435 264513 315462 462315 513264 516342 534162
  size 8: 245613 261543 316542 345162 432615 461235 516234 532164
  size 8: 246153 351642 352614 361524 416253 425163 426135 531624
  size 8: 246315 263514 264135 362415 415362 513642 514263 531462
  size 8: 246513 261534 315642 342615 435162 462135 516243 531264
  size 8: 251463 253164 316425 364152 413625 461352 524613 526314
  size 8: 251634 315624 341625 351264 426513 436152 462153 526143
  size 8: 251643 316524 346152 352164 425613 431625 461253 526134
  size 8: 253614 264153 351462 361425 416352 426315 513624 524163
  size 8: 254613 261453 316452 354162 423615 461325 516324 523164
  size 8: 256134 326514 346125 362154 415623 431652 451263 521643
  size 8: 256143 325614 341652 361254 416523 436125 452163 521634
  size 8: 256314 263154 326415 364125 413652 451362 514623 521463
  size 8: 256413 261354 314652 324615 453162 463125 516423 521364
  size 4: 134526 152346 625431 643251
  size 4: 135246 142536 635241 642531
  size 4: 145326 154236 623541 632451
  size 4: 146253 352641 425136 631524
  size 4: 153624 351426 426351 624153
  size 4: 156423 324651 453126 621354
  size 4: 163452 254361 523416 614325
  size 4: 163542 245361 532416 614235
  size 4: 164352 253461 524316 613425
  size 4: 236145 365214 412563 541632
  size 4: 241635 315264 462513 536142
  size 4: 245163 361542 416235 532614
  size 4: 246135 362514 415263 531642
  size 4: 251364 314625 463152 526413
  size 4: 254163 361452 416325 523614
  size 4: 263415 264315 513462 514362
  size 4: 326154 356124 421653 451623
  size 2: 132546 645231
  size 2: 145236 632541
  size 2: 153426 624351
  size 2: 154326 623451
  size 2: 351624 426153

 S_7 Wilf non-singleton classes:
  size 42: 1234567 1234576 1234765 1237654 1276543 1765432 2134567 2134576 2134765 2137654 2176543 2345671 3214567 3214576 3214765 3217654 3456712 3456721 4321567 4321576 4321765 4567123 4567312 4567321 5432167 5432176 5671234 5674123 5674312 5674321 6543217 6712345 6751234 6754123 6754312 6754321 7123456 7612345 7651234 7654123 7654312 7654321
  size 32: 1234675 1234756 2134675 2134756 2314567 2314576 2314765 2317654 3124567 3124576 3124765 3127654 3214675 3214756 4321675 4321756 4567132 4567213 5674132 5674213 5761234 5764123 5764312 5764321 6571234 6574123 6574312 6574321 6754132 6754213 7654132 7654213
  size 24: 1235467 1235476 1243567 1243576 1243765 2135467 2135476 2143567 2143576 2143765 3215467 3215476 5673412 5673421 6745123 6745312 6745321 6753412 6753421 7645123 7645312 7645321 7653412 7653421
  size 24: 1235647 1236457 1342567 1342576 1342765 1423567 1423576 1423765 2135647 2136457 3215647 3216457 5672431 5673241 6752431 6753241 7465123 7465312 7465321 7546123 7546312 7546321 7652431 7653241
  size 24: 1235674 1237456 2135674 2137456 2341567 2341576 2341765 3215674 3217456 4123567 4123576 4123765 4765123 4765312 4765321 5671432 5673214 6547123 6547312 6547321 6751432 6753214 7651432 7653214
  size 24: 1235746 1236475 2135746 2136475 2413567 2413576 2413765 3142567 3142576 3142765 3215746 3216475 5672413 5673142 5746123 5746312 5746321 6475123 6475312 6475321 6752413 6753142 7652413 7653142
  size 24: 1235764 1237465 2135764 2137465 3215764 3217465 3241567 3241576 3241765 4213567 4213576 4213765 4675123 4675312 4675321 5647123 5647312 5647321 5671423 5673124 6751423 6753124 7651423 7653124
  size 24: 1236574 1237546 2136574 2137546 2431567 2431576 2431765 3216574 3217546 4132567 4132576 4132765 4756123 4756312 4756321 5671342 5672314 6457123 6457312 6457321 6751342 6752314 7651342 7652314
  size 24: 1236754 1237645 2136754 2137645 3216754 3217645 3421567 3421576 3421765 4312567 4312576 4312765 4576123 4576312 4576321 5467123 5467312 5467321 5671243 5672134 6751243 6752134 7651243 7652134
  size 16: 1234657 1324567 1324576 1324765 1327654 2134657 3214657 4321657 4567231 5674231 6754231 7561234 7564123 7564312 7564321 7654231
  size 16: 1243675 1243756 2143675 2143756 2315467 2315476 3125467 3125476 5763412 5763421 6573412 6573421 6745132 6745213 7645132 7645213
  size 16: 1245367 1245376 1253467 1253476 2145367 2145376 2153467 2153476 6735412 6735421 6743512 6743521 7635412 7635421 7643512 7643521
  size 16: 1245637 1263457 1345267 1345276 1523467 1523476 2145637 2163457 6725431 6743251 7365412 7365421 7543612 7543621 7625431 7643251
  size 16: 1245673 1273456 2145673 2173456 2345167 2345176 3765412 3765421 5123467 5123476 6543712 6543721 6715432 6743215 7615432 7643215
  size 16: 1245736 1263475 2145736 2163475 2513467 2513476 3145267 3145276 5743612 5743621 6375412 6375421 6725413 6743152 7625413 7643152
  size 16: 1245763 1273465 2145763 2173465 3245167 3245176 3675412 3675421 5213467 5213476 5643712 5643721 6715423 6743125 7615423 7643125
  size 16: 1246357 1253647 1352467 1352476 1425367 1425376 2146357 2153647 6735241 6742531 7463512 7463521 7536412 7536421 7635241 7642531
  size 16: 1246375 1253746 2146375 2153746 2415367 2415376 3152467 3152476 5736412 5736421 6473512 6473521 6735142 6742513 7635142 7642513
  size 16: 1246537 1263547 1435267 1435276 1532467 1532476 2146537 2163547 6725341 6742351 7356412 7356421 7453612 7453621 7625341 7642351
  size 16: 1246573 1273546 2146573 2173546 2435167 2435176 3756412 3756421 5132467 5132476 6453712 6453721 6715342 6742315 7615342 7642315
  size 16: 1246735 1263745 2146735 2163745 3415267 3415276 3512467 3512476 5376412 5376421 5473612 5473621 6725143 6742153 7625143 7642153
  size 16: 1246753 1273645 2146753 2173645 3425167 3425176 3576412 3576421 5312467 5312476 5463712 5463721 6715243 6742135 7615243 7642135
  size 16: 1247356 1253674 2147356 2153674 2351467 2351476 4125367 4125376 4763512 4763521 6537412 6537421 6735214 6741532 7635214 7641532
  size 16: 1247365 1253764 2147365 2153764 3251467 3251476 4215367 4215376 4673512 4673521 5637412 5637421 6735124 6741523 7635124 7641523
  size 16: 1247536 1263574 2147536 2163574 2531467 2531476 4135267 4135276 4753612 4753621 6357412 6357421 6725314 6741352 7625314 7641352
  size 16: 1247563 1273564 2147563 2173564 3657412 3657421 4235167 4235176 4653712 4653721 5231467 5231476 6715324 6741325 7615324 7641325
  size 16: 1247635 1263754 2147635 2163754 3521467 3521476 4315267 4315276 4573612 4573621 5367412 5367421 6725134 6741253 7625134 7641253
  size 16: 1247653 1273654 2147653 2173654 3567412 3567421 4325167 4325176 4563712 4563721 5321467 5321476 6715234 6741235 7615234 7641235
  size 16: 1254637 1264357 1354267 1354276 1524367 1524376 2154637 2164357 6724531 6734251 7364512 7364521 7534612 7534621 7624531 7634251
  size 16: 1254673 1274356 2154673 2174356 2354167 2354176 3764512 3764521 5124367 5124376 6534712 6534721 6714532 6734215 7614532 7634215
  size 16: 1254736 1264375 2154736 2164375 2514367 2514376 3154267 3154276 5734612 5734621 6374512 6374521 6724513 6734152 7624513 7634152
  size 16: 1254763 1274365 2154763 2174365 3254167 3254176 3674512 3674521 5214367 5214376 5634712 5634721 6714523 6734125 7614523 7634125
  size 16: 1256374 1257346 2156374 2157346 2451367 2451376 4152367 4152376 4736512 4736521 6437512 6437521 6731542 6732514 7631542 7632514
  size 16: 1256437 1265347 1453267 1453276 1542367 1542376 2156437 2165347 6723541 6732451 7346512 7346521 7435612 7435621 7623541 7632451
  size 16: 1256473 1275346 2156473 2175346 2453167 2453176 3746512 3746521 5142367 5142376 6435712 6435721 6713542 6732415 7613542 7632415
  size 16: 1256734 1267345 2156734 2167345 3451267 3451276 4376512 4376521 4512367 4512376 5437612 5437621 6721543 6732154 7621543 7632154
  size 16: 1256743 1276345 2156743 2176345 3452167 3452176 3476512 3476521 5412367 5412376 5436712 5436721 6712543 6732145 7612543 7632145
  size 16: 1257436 1265374 2157436 2165374 2541367 2541376 4153267 4153276 4735612 4735621 6347512 6347521 6723514 6731452 7623514 7631452
  size 16: 1257463 1275364 2157463 2175364 3647512 3647521 4253167 4253176 4635712 4635721 5241367 5241376 6713524 6731425 7613524 7631425
  size 16: 1257634 1267354 2157634 2167354 4351267 4351276 4367512 4367521 4521367 4521376 4537612 4537621 6721534 6731254 7621534 7631254
  size 16: 1257643 1276354 2157643 2176354 3467512 3467521 4352167 4352176 4536712 4536721 5421367 5421376 6712534 6731245 7612534 7631245
  size 16: 1264573 1274536 2164573 2174536 2534167 2534176 3754612 3754621 5134267 5134276 6354712 6354721 6714352 6724315 7614352 7624315
  size 16: 1264753 1274635 2164753 2174635 3524167 3524176 3574612 3574621 5314267 5314276 5364712 5364721 6714253 6724135 7614253 7624135
  size 16: 1265473 1275436 2165473 2175436 2543167 2543176 3745612 3745621 5143267 5143276 6345712 6345721 6713452 6723415 7613452 7623415
  size 16: 1265734 1267435 2165734 2167435 3541267 3541276 4375612 4375621 4513267 4513276 5347612 5347621 6721453 6723154 7621453 7623154
  size 16: 1265743 1276435 2165743 2176435 3475612 3475621 3542167 3542176 5346712 5346721 5413267 5413276 6712453 6723145 7612453 7623145
  size 16: 1267453 1275634 2167453 2175634 3547612 3547621 4365712 4365721 4523167 4523176 5341267 5341276 6713254 6721435 7613254 7621435
  size 16: 1267543 1276534 2167543 2176534 3457612 3457621 4356712 4356721 4532167 4532176 5431267 5431276 6712354 6721345 7612354 7621345
  size 16: 1275643 1276453 2175643 2176453 3465712 3465721 3546712 3546721 5342167 5342176 5423167 5423176 6712435 6713245 7612435 7613245
  size 16: 1342675 1342756 1423675 1423756 2315647 2316457 3125647 3126457 5762431 5763241 6572431 6573241 7465132 7465213 7546132 7546213
  size 16: 2315674 2317456 2341675 2341756 3125674 3127456 4123675 4123756 4765132 4765213 5761432 5763214 6547132 6547213 6571432 6573214
  size 16: 2315746 2316475 2413675 2413756 3125746 3126475 3142675 3142756 5746132 5746213 5762413 5763142 6475132 6475213 6572413 6573142
  size 16: 2315764 2317465 3125764 3127465 3241675 3241756 4213675 4213756 4675132 4675213 5647132 5647213 5761423 5763124 6571423 6573124
  size 16: 2316574 2317546 2431675 2431756 3126574 3127546 4132675 4132756 4756132 4756213 5761342 5762314 6457132 6457213 6571342 6572314
  size 16: 2316754 2317645 3126754 3127645 3421675 3421756 4312675 4312756 4576132 4576213 5467132 5467213 5761243 5762134 6571243 6572134
  size 12: 1236547 1432567 1432576 1432765 2136547 3216547 5672341 6752341 7456123 7456312 7456321 7652341
  size 12: 1236745 2136745 3216745 3412567 3412576 3412765 5476123 5476312 5476321 5672143 6752143 7652143
  size 12: 1237564 2137564 3217564 4231567 4231576 4231765 4657123 4657312 4657321 5671324 6751324 7651324
  size 8: 1243657 1325467 1325476 2143657 6745231 7563412 7563421 7645231
  size 8: 1254367 1254376 2154367 2154376 6734512 6734521 7634512 7634521
  size 8: 1256347 1452367 1452376 2156347 6732541 7436512 7436521 7632541
  size 8: 1257364 2157364 4251367 4251376 4637512 4637521 6731524 7631524
  size 8: 1264537 1534267 1534276 2164537 6724351 7354612 7354621 7624351
  size 8: 1264735 2164735 3514267 3514276 5374612 5374621 6724153 7624153
  size 8: 1265437 1543267 1543276 2165437 6723451 7345612 7345621 7623451
  size 8: 1267534 2167534 4357612 4357621 4531267 4531276 6721354 7621354
  size 8: 1274563 2174563 3654712 3654721 5234167 5234176 6714325 7614325
  size 8: 1274653 2174653 3564712 3564721 5324167 5324176 6714235 7614235
  size 8: 1275463 2175463 3645712 3645721 5243167 5243176 6713425 7613425
  size 8: 1324675 1324756 2314657 3124657 5764231 6574231 7564132 7564213
  size 8: 1325647 1326457 1342657 1423657 7465231 7546231 7562431 7563241
  size 8: 1325674 1327456 2341657 4123657 4765231 6547231 7561432 7563214
  size 8: 1325746 1326475 2413657 3142657 5746231 6475231 7562413 7563142
  size 8: 1325764 1327465 3241657 4213657 4675231 5647231 7561423 7563124
  size 8: 1326574 1327546 2431657 4132657 4756231 6457231 7561342 7562314
  size 8: 1326754 1327645 3421657 4312657 4576231 5467231 7561243 7562134
  size 8: 1345672 1723456 2345617 2765431 6123457 6543271 7165432 7543216
  size 8: 1345726 1623475 2613457 3145627 5743261 6275431 7265413 7543162
  size 8: 1345762 1723465 2675431 3245617 5643271 6213457 7165423 7543126
  size 8: 1346257 1362457 1425637 1523647 7365241 7463251 7526431 7542631
  size 8: 1346275 1523746 2415637 3162457 5726431 6473251 7365142 7542613
  size 8: 1346527 1435627 1623547 1632457 7256431 7265341 7453261 7542361
  size 8: 1346572 1723546 2435617 2756431 6132457 6453271 7165342 7542316
  size 8: 1346725 1623745 3415627 3612457 5276431 5473261 7265143 7542163
  size 8: 1346752 1723645 2576431 3425617 5463271 6312457 7165243 7542136
  size 8: 1347256 1523674 2361457 4125637 4763251 6527431 7365214 7541632
  size 8: 1347265 1523764 3261457 4215637 4673251 5627431 7365124 7541623
  size 8: 1347526 1623574 2631457 4135627 4753261 6257431 7265314 7541362
  size 8: 1347562 1723564 2657431 4235617 4653271 6231457 7165324 7541326
  size 8: 1347625 1623754 3621457 4315627 4573261 5267431 7265134 7541263
  size 8: 1347652 1723654 2567431 4325617 4563271 6321457 7165234 7541236
  size 8: 1352674 1427356 2351647 4126357 4762531 6537241 7461532 7536214
  size 8: 1352746 1426375 2416357 3152647 5736241 6472531 7462513 7536142
  size 8: 1352764 1427365 3251647 4216357 4672531 5637241 7461523 7536124
  size 8: 1354672 1724356 2354617 2764531 6124357 6534271 7164532 7534216
  size 8: 1354726 1624375 2614357 3154627 5734261 6274531 7264513 7534162
  size 8: 1354762 1724365 2674531 3254617 5634271 6214357 7164523 7534126
  size 8: 1356247 1452637 1462357 1526347 7362541 7426531 7436251 7532641
  size 8: 1356274 1527346 2451637 4162357 4726531 6437251 7361542 7532614
  size 8: 1356427 1453627 1625347 1642357 7246531 7263541 7435261 7532461
  size 8: 1356472 1725346 2453617 2746531 6142357 6435271 7163542 7532416
  size 8: 1356724 1627345 3451627 4276531 4612357 5437261 7261543 7532164
  size 8: 1356742 1726345 2476531 3452617 5436271 6412357 7162543 7532146
  size 8: 1357246 1526374 2461357 4152637 4736251 6427531 7362514 7531642
  size 8: 1357264 1527364 4251637 4261357 4627531 4637251 7361524 7531624
  size 8: 1357426 1625374 2641357 4153627 4735261 6247531 7263514 7531462
  size 8: 1357462 1725364 2647531 4253617 4635271 6241357 7163524 7531426
  size 8: 1357624 1627354 4267531 4351627 4537261 4621357 7261534 7531264
  size 8: 1357642 1726354 2467531 4352617 4536271 6421357 7162534 7531246
  size 8: 1362475 1425736 2513647 3146257 5742631 6375241 7463152 7526413
  size 8: 1362547 1426537 1436257 1532647 7356241 7452631 7462351 7526341
  size 8: 1362574 1427536 2531647 4136257 4752631 6357241 7461352 7526314
  size 8: 1362745 1426735 3416257 3512647 5376241 5472631 7462153 7526143
  size 8: 1362754 1427635 3521647 4316257 4572631 5367241 7461253 7526134
  size 8: 1364275 1524736 2514637 3164257 5724631 6374251 7364152 7524613
  size 8: 1364527 1534627 1624537 1634257 7254631 7264351 7354261 7524361
  size 8: 1364572 1724536 2534617 2754631 6134257 6354271 7164352 7524316
  size 8: 1364725 1624735 3514627 3614257 5274631 5374261 7264153 7524163
  size 8: 1364752 1724635 2574631 3524617 5364271 6314257 7164253 7524136
  size 8: 1365247 1463257 1526437 1542637 7346251 7362451 7425631 7523641
  size 8: 1365274 1527436 2541637 4163257 4725631 6347251 7361452 7523614
  size 8: 1365427 1543627 1625437 1643257 7245631 7263451 7345261 7523461
  size 8: 1365472 1725436 2543617 2745631 6143257 6345271 7163452 7523416
  size 8: 1365724 1627435 3541627 4275631 4613257 5347261 7261453 7523164
  size 8: 1365742 1726435 2475631 3542617 5346271 6413257 7162453 7523146
  size 8: 1367245 1526734 3461257 4376251 4512637 5427631 7362154 7521643
  size 8: 1367254 1527634 4361257 4367251 4521637 4527631 7361254 7521634
  size 8: 1367425 1625734 3641257 4375261 4513627 5247631 7263154 7521463
  size 8: 1367452 1725634 2547631 4365271 4523617 6341257 7163254 7521436
  size 8: 1367524 1627534 4257631 4357261 4531627 4631257 7261354 7521364
  size 8: 1367542 1726534 2457631 4356271 4532617 6431257 7162354 7521346
  size 8: 1372456 1425673 2346157 3765241 5123647 6542731 7463215 7516432
  size 8: 1372465 1425763 3246157 3675241 5213647 5642731 7463125 7516423
  size 8: 1372546 1426573 2436157 3756241 5132647 6452731 7462315 7516342
  size 8: 1372564 1427563 3657241 4236157 4652731 5231647 7461325 7516324
  size 8: 1372645 1426753 3426157 3576241 5312647 5462731 7462135 7516243
  size 8: 1372654 1427653 3567241 4326157 4562731 5321647 7461235 7516234
  size 8: 1374256 1524673 2364157 3764251 5124637 6524731 7364215 7514632
  size 8: 1374265 1524763 3264157 3674251 5214637 5624731 7364125 7514623
  size 8: 1374526 1624573 2634157 3754261 5134627 6254731 7264315 7514362
  size 8: 1374562 1724563 2654731 3654271 5234617 6234157 7164325 7514326
  size 8: 1374625 1624753 3574261 3624157 5264731 5314627 7264135 7514263
  size 8: 1374652 1724653 2564731 3564271 5324617 6324157 7164235 7514236
  size 8: 1375246 1526473 2463157 3746251 5142637 6425731 7362415 7513642
  size 8: 1375264 1527463 3647251 4263157 4625731 5241637 7361425 7513624
  size 8: 1375426 1625473 2643157 3745261 5143627 6245731 7263415 7513462
  size 8: 1375462 1725463 2645731 3645271 5243617 6243157 7163425 7513426
  size 8: 1375624 1627453 3547261 4265731 4623157 5341627 7261435 7513264
  size 8: 1375642 1726453 2465731 3546271 5342617 6423157 7162435 7513246
  size 8: 1376245 1526743 3462157 3476251 5412637 5426731 7362145 7512643
  size 8: 1376254 1527643 3467251 4362157 4526731 5421637 7361245 7512634
  size 8: 1376425 1625743 3475261 3642157 5246731 5413627 7263145 7512463
  size 8: 1376452 1725643 2546731 3465271 5423617 6342157 7163245 7512436
  size 8: 1376524 1627543 3457261 4256731 4632157 5431627 7261345 7512364
  size 8: 1376542 1726543 2456731 3456271 5432617 6432157 7162345 7512346
  size 8: 1432675 1432756 2316547 3126547 5762341 6572341 7456132 7456213
  size 8: 1435672 1732456 2346517 2765341 6123547 6542371 7156432 7453216
  size 8: 1435726 1632475 2613547 3146527 5742361 6275341 7256413 7453162
  size 8: 1435762 1732465 2675341 3246517 5642371 6213547 7156423 7453126
  size 8: 1436275 1532746 2416537 3162547 5726341 6472351 7356142 7452613
  size 8: 1436572 1732546 2436517 2756341 6132547 6452371 7156342 7452316
  size 8: 1436725 1632745 3416527 3612547 5276341 5472361 7256143 7452163
  size 8: 1436752 1732645 2576341 3426517 5462371 6312547 7156243 7452136
  size 8: 1437256 1532674 2361547 4126537 4762351 6527341 7356214 7451632
  size 8: 1437265 1532764 3261547 4216537 4672351 5627341 7356124 7451623
  size 8: 1437526 1632574 2631547 4136527 4752361 6257341 7256314 7451362
  size 8: 1437562 1732564 2657341 4236517 4652371 6231547 7156324 7451326
  size 8: 1437625 1632754 3621547 4316527 4572361 5267341 7256134 7451263
  size 8: 1437652 1732654 2567341 4326517 4562371 6321547 7156234 7451236
  size 8: 1452673 1472356 2356147 3762541 5126347 6532741 7416532 7436215
  size 8: 1452736 1462375 2516347 3156247 5732641 6372541 7426513 7436152
  size 8: 1452763 1472365 3256147 3672541 5216347 5632741 7416523 7436125
  size 8: 1453672 1742356 2356417 2763541 6125347 6532471 7146532 7435216
  size 8: 1453726 1642375 2615347 3156427 5732461 6273541 7246513 7435162
  size 8: 1453762 1742365 2673541 3256417 5632471 6215347 7146523 7435126
  size 8: 1456273 1572346 2456137 3726541 5162347 6432751 7316542 7432615
  size 8: 1456372 1752346 2456317 2736541 6152347 6432571 7136542 7432516
  size 8: 1456723 1672345 3276541 3456127 5432761 5612347 7216543 7432165
  size 8: 1456732 1762345 2376541 3456217 5432671 6512347 7126543 7432156
  size 8: 1457236 1562374 2561347 4156237 4732651 6327541 7326514 7431652
  size 8: 1457263 1572364 3627541 4256137 4632751 5261347 7316524 7431625
  size 8: 1457326 1652374 2651347 4156327 4732561 6237541 7236514 7431562
  size 8: 1457362 1752364 2637541 4256317 4632571 6251347 7136524 7431526
  size 8: 1457623 1672354 3267541 4356127 4532761 5621347 7216534 7431265
  size 8: 1457632 1762354 2367541 4356217 4532671 6521347 7126534 7431256
  size 8: 1462573 1472536 2536147 3752641 5136247 6352741 7416352 7426315
  size 8: 1462753 1472635 3526147 3572641 5316247 5362741 7416253 7426135
  size 8: 1463275 1542736 2516437 3165247 5723641 6372451 7346152 7425613
  size 8: 1463527 1536427 1635247 1642537 7246351 7253641 7352461 7425361
  size 8: 1463572 1742536 2536417 2753641 6135247 6352471 7146352 7425316
  size 8: 1463725 1642735 3516427 3615247 5273641 5372461 7246153 7425163
  size 8: 1463752 1742635 2573641 3526417 5362471 6315247 7146253 7425136
  size 8: 1465237 1546237 1562437 1563247 7325641 7326451 7342651 7423651
  size 8: 1465273 1572436 2546137 3725641 5163247 6342751 7316452 7423615
  size 8: 1465327 1546327 1652437 1653247 7235641 7236451 7342561 7423561
  size 8: 1465372 1752436 2546317 2735641 6153247 6342571 7136452 7423516
  size 8: 1465723 1672435 3275641 3546127 5342761 5613247 7216453 7423165
  size 8: 1465732 1762435 2375641 3546217 5342671 6513247 7126453 7423156
  size 8: 1467235 1562734 3561247 4372651 4516237 5327641 7326154 7421653
  size 8: 1467253 1572634 3527641 4362751 4526137 5361247 7316254 7421635
  size 8: 1467325 1652734 3651247 4372561 4516327 5237641 7236154 7421563
  size 8: 1467352 1752634 2537641 4362571 4526317 6351247 7136254 7421536
  size 8: 1467523 1672534 3257641 4352761 4536127 5631247 7216354 7421365
  size 8: 1467532 1762534 2357641 4352671 4536217 6531247 7126354 7421356
  size 8: 1473256 1542673 2365147 3762451 5126437 6523741 7346215 7415632
  size 8: 1473265 1542763 3265147 3672451 5216437 5623741 7346125 7415623
  size 8: 1473526 1642573 2635147 3752461 5136427 6253741 7246315 7415362
  size 8: 1473562 1742563 2653741 3652471 5236417 6235147 7146325 7415326
  size 8: 1473625 1642753 3572461 3625147 5263741 5316427 7246135 7415263
  size 8: 1473652 1742653 2563741 3562471 5326417 6325147 7146235 7415236
  size 8: 1475236 1562473 2563147 3742651 5146237 6325741 7326415 7413652
  size 8: 1475263 1572463 3625741 3642751 5246137 5263147 7316425 7413625
  size 8: 1475326 1652473 2653147 3742561 5146327 6235741 7236415 7413562
  size 8: 1475362 1752463 2635741 3642571 5246317 6253147 7136425 7413526
  size 8: 1475623 1672453 3265741 3542761 5346127 5623147 7216435 7413265
  size 8: 1475632 1762453 2365741 3542671 5346217 6523147 7126435 7413256
  size 8: 1476235 1562743 3472651 3562147 5326741 5416237 7326145 7412653
  size 8: 1476253 1572643 3462751 3526741 5362147 5426137 7316245 7412635
  size 8: 1476325 1652743 3472561 3652147 5236741 5416327 7236145 7412563
  size 8: 1476352 1752643 2536741 3462571 5426317 6352147 7136245 7412536
  size 8: 1476523 1672543 3256741 3452761 5436127 5632147 7216345 7412365
  size 8: 1476532 1762543 2356741 3452671 5436217 6532147 7126345 7412356
  size 8: 1534672 1734256 2364517 2764351 6124537 6524371 7154632 7354216
  size 8: 1534726 1634275 2614537 3164527 5724361 6274351 7254613 7354162
  size 8: 1534762 1734265 2674351 3264517 5624371 6214537 7154623 7354126
  size 8: 1536274 1537246 2461537 4162537 4726351 6427351 7351642 7352614
  size 8: 1536472 1735246 2463517 2746351 6142537 6425371 7153642 7352416
  size 8: 1536724 1637245 3461527 4276351 4612537 5427361 7251643 7352164
  size 8: 1536742 1736245 2476351 3462517 5426371 6412537 7152643 7352146
  size 8: 1537426 1635274 2641537 4163527 4725361 6247351 7253614 7351462
  size 8: 1537462 1735264 2647351 4263517 4625371 6241537 7153624 7351426
  size 8: 1537624 1637254 4267351 4361527 4527361 4621537 7251634 7351264
  size 8: 1537642 1736254 2467351 4362517 4526371 6421537 7152634 7351246
  size 8: 1543672 1743256 2365417 2763451 6125437 6523471 7145632 7345216
  size 8: 1543726 1643275 2615437 3165427 5723461 6273451 7245613 7345162
  size 8: 1543762 1743265 2673451 3265417 5623471 6215437 7145623 7345126
  size 8: 1546273 1573246 2465137 3726451 5162437 6423751 7315642 7342615
  size 8: 1546372 1753246 2465317 2736451 6152437 6423571 7135642 7342516
  size 8: 1546723 1673245 3276451 3465127 5423761 5612437 7215643 7342165
  size 8: 1546732 1763245 2376451 3465217 5423671 6512437 7125643 7342156
  size 8: 1547236 1563274 2561437 4165237 4723651 6327451 7325614 7341652
  size 8: 1547263 1573264 3627451 4265137 4623751 5261437 7315624 7341625
  size 8: 1547326 1653274 2651437 4165327 4723561 6237451 7235614 7341562
  size 8: 1547362 1753264 2637451 4265317 4623571 6251437 7135624 7341526
  size 8: 1547623 1673254 3267451 4365127 4523761 5621437 7215634 7341265
  size 8: 1547632 1763254 2367451 4365217 4523671 6521437 7125634 7341256
  size 8: 1563472 1745236 2563417 2743651 6145237 6325471 7143652 7325416
  size 8: 1563724 1647235 3561427 4273651 4615237 5327461 7241653 7325164
  size 8: 1563742 1746235 2473651 3562417 5326471 6415237 7142653 7325146
  size 8: 1564273 1574236 2564137 3724651 5164237 6324751 7314652 7324615
  size 8: 1564372 1754236 2564317 2734651 6154237 6324571 7134652 7324516
  size 8: 1564723 1674235 3274651 3564127 5324761 5614237 7214653 7324165
  size 8: 1564732 1764235 2374651 3564217 5324671 6514237 7124653 7324156
  size 8: 1567243 1576234 3427651 4326751 4562137 5461237 7312654 7321645
  size 8: 1567324 1657234 4237651 4327561 4561327 4651237 7231654 7321564
  size 8: 1567342 1756234 2437651 4326571 4562317 6451237 7132654 7321546
  size 8: 1567423 1675234 3247651 4325761 4563127 5641237 7213654 7321465
  size 8: 1567432 1765234 2347651 4325671 4563217 6541237 7123654 7321456
  size 8: 1573426 1645273 2645137 3725461 5163427 6243751 7243615 7315462
  size 8: 1573462 1745263 2643751 3625471 5263417 6245137 7143625 7315426
  size 8: 1573624 1647253 3527461 4263751 4625137 5361427 7241635 7315264
  size 8: 1573642 1746253 2463751 3526471 5362417 6425137 7142635 7315246
  size 8: 1574326 1654273 2654137 3724561 5164327 6234751 7234615 7314562
  size 8: 1574362 1754263 2634751 3624571 5264317 6254137 7134625 7314526
  size 8: 1574623 1674253 3264751 3524761 5364127 5624137 7214635 7314265
  size 8: 1574632 1764253 2364751 3524671 5364217 6524137 7124635 7314256
  size 8: 1576324 1657243 3427561 4236751 4652137 5461327 7231645 7312564
  size 8: 1576342 1756243 2436751 3426571 5462317 6452137 7132645 7312546
  size 8: 1576423 1675243 3246751 3425761 5463127 5642137 7213645 7312465
  size 8: 1576432 1765243 2346751 3425671 5463217 6542137 7123645 7312456
  size 8: 1634572 1734526 2634517 2754361 6134527 6254371 7154362 7254316
  size 8: 1634752 1734625 2574361 3624517 5264371 6314527 7154263 7254136
  size 8: 1635472 1735426 2643517 2745361 6143527 6245371 7153462 7253416
  size 8: 1635724 1637425 3641527 4275361 4613527 5247361 7251463 7253164
  size 8: 1635742 1736425 2475361 3642517 5246371 6413527 7152463 7253146
  size 8: 1637452 1735624 2547361 4265371 4623517 6341527 7153264 7251436
  size 8: 1637542 1736524 2457361 4256371 4632517 6431527 7152364 7251346
  size 8: 1643572 1743526 2635417 2753461 6135427 6253471 7145362 7245316
  size 8: 1643752 1743625 2573461 3625417 5263471 6315427 7145263 7245136
  size 8: 1645372 1753426 2645317 2735461 6153427 6243571 7135462 7243516
  size 8: 1645723 1673425 3275461 3645127 5243761 5613427 7215463 7243165
  size 8: 1645732 1763425 2375461 3645217 5243671 6513427 7125463 7243156
  size 8: 1647325 1653724 3651427 4273561 4615327 5237461 7235164 7241563
  size 8: 1647352 1753624 2537461 4263571 4625317 6351427 7135264 7241536
  size 8: 1647523 1673524 3257461 4253761 4635127 5631427 7215364 7241365
  size 8: 1647532 1763524 2357461 4253671 4635217 6531427 7125364 7241356
  size 8: 1653472 1745326 2653417 2743561 6145327 6235471 7143562 7235416
  size 8: 1653742 1746325 2473561 3652417 5236471 6415327 7142563 7235146
  size 8: 1654372 1754326 2654317 2734561 6154327 6234571 7134562 7234516
  size 8: 1654723 1674325 3274561 3654127 5234761 5614327 7214563 7234165
  size 8: 1654732 1764325 2374561 3654217 5234671 6514327 7124563 7234156
  size 8: 1657342 1756324 2437561 4236571 4652317 6451327 7132564 7231546
  size 8: 1657423 1675324 3247561 4235761 4653127 5641327 7213564 7231465
  size 8: 1657432 1765324 2347561 4235671 4653217 6541327 7123564 7231456
  size 8: 1673452 1745623 2543761 3265471 5623417 6345127 7143265 7215436
  size 8: 1673542 1746523 2453761 3256471 5632417 6435127 7142365 7215346
  size 8: 1674352 1754623 2534761 3264571 5624317 6354127 7134265 7214536
  size 8: 1674532 1764523 2354761 3254671 5634217 6534127 7124365 7214356
  size 8: 1675342 1756423 2435761 3246571 5642317 6453127 7132465 7213546
  size 8: 1675432 1765423 2345761 3245671 5643217 6543127 7123465 7213456
  size 8: 1735642 1736452 2465371 2546371 6342517 6423517 7152436 7153246
  size 8: 1745362 1753462 2635471 2643571 6245317 6253417 7135426 7143526
  size 8: 1745632 1763452 2365471 2543671 6345217 6523417 7125436 7143256
  size 8: 1746352 1753642 2463571 2536471 6352417 6425317 7135246 7142536
  size 8: 1746532 1763542 2356471 2453671 6435217 6532417 7125346 7142356
  size 8: 1754632 1764352 2364571 2534671 6354217 6524317 7124536 7134256
  size 8: 1756432 1765342 2346571 2435671 6453217 6542317 7123546 7132456
  size 8: 2314675 2314756 3124675 3124756 5764132 5764213 6574132 6574213
  size 8: 2316745 3126745 3412675 3412756 5476132 5476213 5762143 6572143
  size 8: 2317564 3127564 4231675 4231756 4657132 4657213 5761324 6571324
  size 8: 2345716 2713456 2765413 3145672 5743216 6123475 6175432 6543172
  size 8: 2346175 2415673 3172456 3765142 5123746 5716432 6473215 6542713
  size 8: 2346715 2765143 3415672 3712456 5176432 5473216 6123745 6542173
  size 8: 2347156 2371456 3765214 4125673 4763215 5123674 6517432 6541732
  size 8: 2347165 3271456 3765124 4215673 4673215 5123764 5617432 6541723
  size 8: 2347516 2731456 2765314 4135672 4753216 6123574 6157432 6541372
  size 8: 2347615 2765134 3721456 4315672 4573216 5167432 6123754 6541273
  size 8: 2351746 2417356 3152674 4126375 4762513 5736214 6471532 6537142
  size 8: 2351764 3251674 4127365 4217356 4671532 4761523 5637214 6537124
  size 8: 2354716 2714356 2764513 3154672 5734216 6124375 6174532 6534172
  size 8: 2356174 2451673 3761542 4172356 4716532 5127346 6437215 6532714
  size 8: 2356714 2761543 3451672 4176532 4712356 5437216 6127345 6532174
  size 8: 2357146 2471356 3762514 4152673 4736215 5126374 6417532 6531742
  size 8: 2357164 3761524 4251673 4271356 4617532 4637215 5127364 6531724
  size 8: 2357416 2741356 2763514 4153672 4735216 6125374 6147532 6531472
  size 8: 2357614 2761534 4167532 4351672 4537216 4721356 6127354 6531274
  size 8: 2361475 2513674 3147256 4125736 4763152 5741632 6375214 6527413
  size 8: 2361574 2531674 4127536 4137256 4751632 4761352 6357214 6527314
  size 8: 2361745 3417256 3512674 4126735 4762153 5376214 5471632 6527143
  size 8: 2361754 3521674 4127635 4317256 4571632 4761253 5367214 6527134
  size 8: 2364175 2514673 3174256 3764152 5124736 5714632 6374215 6524713
  size 8: 2364715 2764153 3514672 3714256 5174632 5374216 6124735 6524173
  size 8: 2365174 2541673 3761452 4173256 4715632 5127436 6347215 6523714
  size 8: 2365714 2761453 3541672 4175632 4713256 5347216 6127435 6523174
  size 8: 2367145 3471256 3762154 4376215 4512673 5126734 5417632 6521743
  size 8: 2367154 3761254 4367215 4371256 4517632 4521673 5127634 6521734
  size 8: 2367415 2763154 3741256 4375216 4513672 5147632 6125734 6521473
  size 8: 2367514 2761354 4157632 4357216 4531672 4731256 6127534 6521374
  size 8: 2371465 3247156 3675214 4125763 4763125 5213674 5641732 6517423
  size 8: 2371546 2437156 3756214 4126573 4762315 5132674 6451732 6517342
  size 8: 2371564 3657214 4127563 4237156 4651732 4761325 5231674 6517324
  size 8: 2371645 3427156 3576214 4126753 4762135 5312674 5461732 6517243
  size 8: 2371654 3567214 4127653 4327156 4561732 4761235 5321674 6517234
  size 8: 2374165 3274156 3674215 3764125 5124763 5214673 5614732 6514723
  size 8: 2374516 2734156 2764315 3754216 5134672 6124573 6154732 6514372
  size 8: 2374615 2764135 3574216 3724156 5164732 5314672 6124753 6514273
  size 8: 2375146 2473156 3746215 3762415 5126473 5142673 6415732 6513742
  size 8: 2375164 3647215 3761425 4273156 4615732 5127463 5241673 6513724
  size 8: 2375416 2743156 2763415 3745216 5143672 6125473 6145732 6513472
  size 8: 2375614 2761435 3547216 4165732 4723156 5341672 6127453 6513274
  size 8: 2376145 3472156 3476215 3762145 5126743 5412673 5416732 6512743
  size 8: 2376154 3467215 3761245 4372156 4516732 5127643 5421673 6512734
  size 8: 2376415 2763145 3475216 3742156 5146732 5413672 6125743 6512473
  size 8: 2376514 2761345 3457216 4156732 4732156 5431672 6127543 6512374
  size 8: 2415736 2513746 3146275 3162475 5726413 5742613 6375142 6473152
  size 8: 2415763 3172465 3246175 3675142 5213746 5642713 5716423 6473125
  size 8: 2416573 2436175 3172546 3756142 5132746 5716342 6452713 6472315
  size 8: 2416735 3162745 3416275 3512746 5376142 5472613 5726143 6472153
  size 8: 2416753 3172645 3426175 3576142 5312746 5462713 5716243 6472135
  size 8: 2417365 3152764 3251746 4216375 4672513 5637142 5736124 6471523
  size 8: 2417536 2531746 3162574 4136275 4752613 5726314 6357142 6471352
  size 8: 2417563 3172564 3657142 4236175 4652713 5231746 5716324 6471325
  size 8: 2417635 3162754 3521746 4316275 4572613 5367142 5726134 6471253
  size 8: 2417653 3172654 3567142 4326175 4562713 5321746 5716234 6471235
  size 8: 2435716 2713546 2756413 3146572 5742316 6132475 6175342 6453172
  size 8: 2436715 2756143 3416572 3712546 5176342 5472316 6132745 6452173
  size 8: 2437165 3271546 3756124 4216573 4672315 5132764 5617342 6451723
  size 8: 2437516 2731546 2756314 4136572 4752316 6132574 6157342 6451372
  size 8: 2437615 2756134 3721546 4316572 4572316 5167342 6132754 6451273
  size 8: 2451736 2517346 3156274 4162375 4726513 5732614 6371542 6437152
  size 8: 2451763 3256174 3671542 4172365 4716523 5217346 5632714 6437125
  size 8: 2453716 2715346 2746513 3156472 5732416 6142375 6173542 6435172
  size 8: 2456713 2716543 3176542 3456172 5432716 5712346 6172345 6432175
  size 8: 2457136 2571346 3726514 4156273 4732615 5162374 6317542 6431752
  size 8: 2457163 3617542 3716524 4256173 4632715 5172364 5271346 6431725
  size 8: 2457316 2736514 2751346 4156372 4732516 6137542 6152374 6431572
  size 8: 2457613 2716534 3167542 4356172 4532716 5721346 6172354 6431275
  size 8: 2461375 2516374 3157246 4152736 4736152 5731642 6372514 6427513
  size 8: 2461573 2536174 3751642 4172536 4716352 5137246 6352714 6427315
  size 8: 2461735 3516274 3517246 4162735 4726153 5371642 5372614 6427153
  size 8: 2461753 3526174 3571642 4172635 4716253 5317246 5362714 6427135
  size 8: 2463175 2516473 3175246 3746152 5142736 5713642 6372415 6425713
  size 8: 2463715 2746153 3516472 3715246 5173642 5372416 6142735 6425173
  size 8: 2465173 2546173 3715642 3716452 5172436 5173246 6342715 6423715
  size 8: 2465713 2716453 3175642 3546172 5342716 5713246 6172435 6423175
  size 8: 2467135 3571246 3726154 4372615 4516273 5162734 5317642 6421753
  size 8: 2467153 3517642 3716254 4362715 4526173 5172634 5371246 6421735
  size 8: 2467315 2736154 3751246 4372516 4516372 5137642 6152734 6421573
  size 8: 2467513 2716354 3157642 4352716 4536172 5731246 6172534 6421375
  size 8: 2471365 3257146 3672514 4152763 4736125 5216374 5631742 6417523
  size 8: 2471536 2537146 3752614 4162573 4726315 5136274 6351742 6417352
  size 8: 2471563 3651742 3652714 4172563 4716325 5236174 5237146 6417325
  size 8: 2471635 3527146 3572614 4162753 4726135 5316274 5361742 6417253
  size 8: 2471653 3561742 3562714 4172653 4716235 5326174 5327146 6417235
  size 8: 2473165 3275146 3672415 3746125 5142763 5216473 5613742 6415723
  size 8: 2473516 2735146 2746315 3752416 5136472 6142573 6153742 6415372
  size 8: 2473615 2746135 3572416 3725146 5163742 5316472 6142753 6415273
  size 8: 2475136 2573146 3726415 3742615 5146273 5162473 6315742 6413752
  size 8: 2475163 3615742 3642715 3716425 5172463 5246173 5273146 6413725
  size 8: 2475316 2736415 2753146 3742516 5146372 6135742 6152473 6413572
  size 8: 2475613 2716435 3165742 3542716 5346172 5723146 6172453 6413275
  size 8: 2476135 3472615 3572146 3726145 5162743 5316742 5416273 6412753
  size 8: 2476153 3462715 3516742 3716245 5172643 5372146 5426173 6412735
  size 8: 2476315 2736145 3472516 3752146 5136742 5416372 6152743 6412573
  size 8: 2476513 2716345 3156742 3452716 5436172 5732146 6172543 6412375
  size 8: 2513764 3147265 3261475 4215736 4673152 5627413 5741623 6375124
  size 8: 2514763 3174265 3264175 3674152 5214736 5624713 5714623 6374125
  size 8: 2516734 3167245 3461275 4376152 4512736 5427613 5721643 6372154
  size 8: 2516743 3176245 3462175 3476152 5412736 5426713 5712643 6372145
  size 8: 2517364 3157264 4251736 4261375 4627513 4637152 5731624 6371524
  size 8: 2517436 2541736 3165274 4163275 4725613 5723614 6347152 6371452
  size 8: 2517463 3175264 3647152 4263175 4625713 5241736 5713624 6371425
  size 8: 2517634 3167254 4361275 4367152 4521736 4527613 5721634 6371254
  size 8: 2517643 3176254 3467152 4362175 4526713 5421736 5712634 6371245
  size 8: 2531764 3261574 4137265 4217536 4671352 4751623 5627314 6357124
  size 8: 2534716 2714536 2754613 3164572 5724316 6134275 6174352 6354172
  size 8: 2536714 2751643 3461572 4176352 4712536 5427316 6137245 6352174
  size 8: 2537164 3751624 4261573 4271536 4617352 4627315 5137264 6351724
  size 8: 2537416 2741536 2753614 4163572 4725316 6135274 6147352 6351472
  size 8: 2537614 2751634 4167352 4361572 4527316 4721536 6137254 6351274
  size 8: 2541763 3265174 3671452 4173265 4715623 5217436 5623714 6347125
  size 8: 2543716 2715436 2745613 3165472 5723416 6143275 6173452 6345172
  size 8: 2546713 2715643 3176452 3465172 5423716 5712436 6173245 6342175
  size 8: 2547136 2571436 3725614 4165273 4723615 5163274 6317452 6341752
  size 8: 2547163 3617452 3715624 4265173 4623715 5173264 5271436 6341725
  size 8: 2547316 2735614 2751436 4165372 4723516 6137452 6153274 6341572
  size 8: 2547613 2715634 3167452 4365172 4523716 5721436 6173254 6341275
  size 8: 2561473 2563174 3741652 4175236 4713652 5147236 6325714 6327415
  size 8: 2561734 3561274 4167235 4371652 4517236 4721653 5327614 6327154
  size 8: 2561743 3471652 3562174 4176235 4712653 5326714 5417236 6327145
  size 8: 2563714 2741653 3561472 4173652 4715236 5327416 6147235 6325174
  size 8: 2564713 2714653 3174652 3564172 5324716 5714236 6174235 6324175
  size 8: 2567134 3721654 4317652 4327615 4561273 4571236 5167234 6321754
  size 8: 2567143 3417652 3712654 4326715 4562173 5176234 5471236 6321745
  size 8: 2567314 2731654 4137652 4327516 4561372 4751236 6157234 6321574
  size 8: 2567413 2713654 3147652 4325716 4563172 5741236 6175234 6321475
  size 8: 2571364 3627514 4157263 4257136 4631752 4731625 5261374 6317524
  size 8: 2571463 3625714 3641752 4175263 4713625 5247136 5263174 6317425
  size 8: 2571634 3527614 4167253 4361752 4527136 4721635 5361274 6317254
  size 8: 2571643 3461752 3526714 4176253 4712635 5362174 5427136 6317245
  size 8: 2573164 3627415 3741625 4275136 4613752 5147263 5261473 6315724
  size 8: 2573416 2743615 2745136 3725416 5163472 6143752 6145273 6315472
  size 8: 2573614 2741635 3527416 4163752 4725136 5361472 6147253 6315274
  size 8: 2574163 3614752 3624715 3714625 5174263 5264173 5274136 6314725
  size 8: 2574316 2734615 2754136 3724516 5164372 6134752 6154273 6314572
  size 8: 2574613 2714635 3164752 3524716 5364172 5724136 6174253 6314275
  size 8: 2576134 3427615 3721645 4316752 4572136 5167243 5461273 6312754
  size 8: 2576143 3416752 3426715 3712645 5176243 5462173 5472136 6312745
  size 8: 2576314 2731645 3427516 4136752 4752136 5461372 6157243 6312574
  size 8: 2576413 2713645 3146752 3425716 5463172 5742136 6175243 6312475
  size 8: 2613574 2631475 3147526 4135726 4753162 5741362 6257413 6275314
  size 8: 2613745 3146725 3415726 3612475 5276413 5473162 5742163 6275143
  size 8: 2613754 3147625 3621475 4315726 4573162 5267413 5741263 6275134
  size 8: 2614573 2634175 3174526 3754162 5134726 5714362 6254713 6274315
  size 8: 2614735 3164725 3514726 3614275 5274613 5374162 5724163 6274153
  size 8: 2614753 3174625 3574162 3624175 5264713 5314726 5714263 6274135
  size 8: 2615374 2641375 3157426 4153726 4735162 5731462 6247513 6273514
  size 8: 2615473 2643175 3175426 3745162 5143726 5713462 6245713 6273415
  size 8: 2615734 3167425 3641275 4375162 4513726 5247613 5721463 6273154
  size 8: 2615743 3176425 3475162 3642175 5246713 5413726 5712463 6273145
  size 8: 2617345 3156724 3451726 4276513 4612375 5437162 5732164 6271543
  size 8: 2617354 3157624 4267513 4351726 4537162 4621375 5731264 6271534
  size 8: 2617435 3165724 3541726 4275613 4613275 5347162 5723164 6271453
  size 8: 2617453 3175624 3547162 4265713 4623175 5341726 5713264 6271435
  size 8: 2617534 3167524 4257613 4357162 4531726 4631275 5721364 6271354
  size 8: 2617543 3176524 3457162 4256713 4632175 5431726 5712364 6271345
  size 8: 2631745 3417526 3612574 4136725 4752163 5276314 5471362 6257143
  size 8: 2631754 3621574 4137625 4317526 4571362 4751263 5267314 6257134
  size 8: 2634715 2754163 3614572 3714526 5174362 5274316 6134725 6254173
  size 8: 2635174 2641573 3751462 4173526 4715362 5137426 6247315 6253714
  size 8: 2635714 2751463 3641572 4175362 4713526 5247316 6137425 6253174
  size 8: 2637145 3471526 3752164 4276315 4612573 5136724 5417362 6251743
  size 8: 2637154 3751264 4267315 4371526 4517362 4621573 5137624 6251734
  size 8: 2637415 2753164 3741526 4275316 4613572 5147362 6135724 6251473
  size 8: 2637514 2751364 4157362 4257316 4631572 4731526 6137524 6251374
  size 8: 2641735 3517426 3615274 4163725 4725163 5273614 5371462 6247153
  size 8: 2641753 3571462 3625174 4173625 4715263 5263714 5317426 6247135
  size 8: 2643715 2745163 3615472 3715426 5173462 5273416 6143725 6245173
  size 8: 2645713 2715463 3175462 3645172 5243716 5713426 6173425 6243175
  size 8: 2647135 3571426 3725164 4273615 4615273 5163724 5317462 6241753
  size 8: 2647153 3517462 3715264 4263715 4625173 5173624 5371426 6241735
  size 8: 2647315 2735164 3751426 4273516 4615372 5137462 6153724 6241573
  size 8: 2647513 2715364 3157462 4253716 4635172 5731426 6173524 6241375
  size 8: 2651473 2653174 3741562 4175326 4713562 5147326 6235714 6237415
  size 8: 2651734 3651274 4167325 4371562 4517326 4721563 5237614 6237154
  size 8: 2651743 3471562 3652174 4176325 4712563 5236714 5417326 6237145
  size 8: 2653714 2741563 3651472 4173562 4715326 5237416 6147325 6235174
  size 8: 2654713 2714563 3174562 3654172 5234716 5714326 6174325 6234175
  size 8: 2657134 3721564 4237615 4317562 4571326 4651273 5167324 6231754
  size 8: 2657143 3417562 3712564 4236715 4652173 5176324 5471326 6231745
  size 8: 2657314 2731564 4137562 4237516 4651372 4751326 6157324 6231574
  size 8: 2657413 2713564 3147562 4235716 4653172 5741326 6175324 6231475
  size 8: 2671345 3276514 3457126 4156723 4732165 5431762 5612374 6217543
  size 8: 2671354 3267514 4157623 4357126 4531762 4731265 5621374 6217534
  size 8: 2671435 3275614 3547126 4165723 4723165 5341762 5613274 6217453
  size 8: 2671453 3265714 3541762 4175623 4713265 5347126 5623174 6217435
  size 8: 2671534 3257614 4167523 4351762 4537126 4721365 5631274 6217354
  size 8: 2671543 3256714 3451762 4176523 4712365 5437126 5632174 6217345
  size 8: 2673145 3276415 3475126 3742165 5146723 5413762 5612473 6215743
  size 8: 2673154 3267415 3741265 4375126 4513762 5147623 5621473 6215734
  size 8: 2673415 2743165 3275416 3745126 5143762 5613472 6145723 6215473
  size 8: 2673514 2741365 3257416 4153762 4735126 5631472 6147523 6215374
  size 8: 2674135 3274615 3574126 3724165 5164723 5314762 5614273 6214753
  size 8: 2674153 3264715 3514762 3714265 5174623 5374126 5624173 6214735
  size 8: 2674315 2734165 3274516 3754126 5134762 5614372 6154723 6214573
  size 8: 2674513 2714365 3154762 3254716 5634172 5734126 6174523 6214375
  size 8: 2675134 3247615 3721465 4315762 4573126 5167423 5641273 6213754
  size 8: 2675143 3246715 3415762 3712465 5176423 5473126 5642173 6213745
  size 8: 2675314 2731465 3247516 4135762 4753126 5641372 6157423 6213574
  size 8: 2675413 2713465 3145762 3245716 5643172 5743126 6175423 6213475
  size 8: 2735416 2743516 2745316 2753416 6135472 6143572 6145372 6153472
  size 8: 3247165 3271465 3675124 4215763 4673125 5213764 5617423 5641723
  size 8: 3257164 3671524 4251763 4271365 4617523 4637125 5217364 5631724
  size 8: 3261745 3417265 3512764 4216735 4672153 5376124 5471623 5627143
  size 8: 3261754 3521764 4217635 4317265 4571623 4671253 5367124 5627134
  size 8: 3267145 3471265 3672154 4376125 4512763 5216734 5417623 5621743
  size 8: 3267154 3671254 4367125 4371265 4517623 4521763 5217634 5621734
  size 8: 3271564 3657124 4217563 4237165 4651723 4671325 5231764 5617324
  size 8: 3271645 3427165 3576124 4216753 4672135 5312764 5461723 5617243
  size 8: 3271654 3567124 4217653 4327165 4561723 4671235 5321764 5617234
  size 8: 3275164 3647125 3671425 4273165 4615723 5217463 5241763 5613724
  size 8: 3276145 3472165 3476125 3672145 5216743 5412763 5416723 5612743
  size 8: 3276154 3467125 3671245 4372165 4516723 5217643 5421763 5612734
  size 8: 3417625 3612754 3621745 4316725 4572163 5267143 5276134 5471263
  size 8: 3461725 3516724 3617245 4276153 4612735 5271643 5372164 5427163
  size 8: 3471625 3572164 3627145 4276135 4612753 5261743 5316724 5417263
  size 8: 3517624 3617254 4267153 4361725 4527163 4621735 5271634 5371264
  size 8: 3527164 3571624 4261753 4271635 4617253 4627135 5317264 5361724
  size 8: 3571264 3627154 4267135 4371625 4517263 4621753 5261734 5317624
  size 8: 3615724 3617425 3641725 4275163 4613725 5247163 5271463 5273164
  size 4: 1326547 1432657 7456231 7562341
  size 4: 1326745 3412657 5476231 7562143
  size 4: 1327564 4231657 4657231 7561324
  size 4: 1345627 1623457 7265431 7543261
  size 4: 1352647 1426357 7462531 7536241
  size 4: 1354627 1624357 7264531 7534261
  size 4: 1364257 1524637 7364251 7524631
  size 4: 1436527 1632547 7256341 7452361
  size 4: 1456237 1562347 7326541 7432651
  size 4: 1456327 1652347 7236541 7432561
  size 4: 1462537 1536247 7352641 7426351
  size 4: 1462735 3516247 5372641 7426153
  size 4: 1472563 3652741 5236147 7416325
  size 4: 1472653 3562741 5326147 7416235
  size 4: 1537264 4261537 4627351 7351624
  size 4: 1563427 1645237 7243651 7325461
  size 4: 1564327 1654237 7234651 7324561
  size 4: 1567234 4327651 4561237 7321654
  size 4: 1574263 3624751 5264137 7314625
  size 4: 1576243 3426751 5462137 7312645
  size 4: 1634725 3614527 5274361 7254163
  size 4: 1635427 1643527 7245361 7253461
  size 4: 1637524 4257361 4631527 7251364
  size 4: 1643725 3615427 5273461 7245163
  size 4: 1645327 1653427 7235461 7243561
  size 4: 1657324 4237561 4651327 7231564
  size 4: 1674523 3254761 5634127 7214365
  size 4: 1675423 3245761 5643127 7213465
  size 4: 1734562 2654371 6234517 7154326
  size 4: 1734652 2564371 6324517 7154236
  size 4: 1735462 2645371 6243517 7153426
  size 4: 1736542 2456371 6432517 7152346
  size 4: 1743562 2653471 6235417 7145326
  size 4: 1743652 2563471 6325417 7145236
  size 4: 1754362 2634571 6254317 7134526
  size 4: 1756342 2436571 6452317 7132546
  size 4: 1764532 2354671 6534217 7124356
  size 4: 2351674 4127356 4761532 6537214
  size 4: 2374156 3764215 5124673 6514732
  size 4: 2416375 3152746 5736142 6472513
  size 4: 2456173 3716542 5172346 6432715
  size 4: 2514736 3164275 5724613 6374152
  size 4: 2561374 4157236 4731652 6327514
  size 4: 2564173 3714652 5174236 6324715
  size 4: 2574136 3724615 5164273 6314752
  size 4: 2613475 3145726 5743162 6275413
  size 4: 2614375 3154726 5734162 6274513
  size 4: 2631574 4137526 4751362 6257314
  size 4: 2645173 3715462 5173426 6243715
  size 4: 2651374 4157326 4731562 6237514
  size 4: 2654173 3714562 5174326 6234715
  size 4: 2734516 2754316 6134572 6154372
  size 4: 3251764 4217365 4671523 5637124
  size 4: 3274165 3674125 5214763 5614723
  size 4: 3416725 3612745 5276143 5472163
  size 4: 3517264 4261735 4627153 5371624
  size 4: 3561724 4271653 4617235 5327164
  size 4: 3617524 4257163 4631725 5271364
  size 4: 3621754 4317625 4571263 5267134
  size 4: 3651724 4271563 4617325 5237164
  size 2: 1324657 7564231
  size 2: 1564237 7324651
  size 2: 1634527 7254361
  size 2: 1654327 7234561
  size 2: 3614725 5274163
